 0.056245  0.060245  0.064216  0.069896 
 0.065191  0.066605  0.071888  0.078835 
 0.024480  0.078975  0.082076  0.090290 
 0.030323  0.033952  0.097427  0.103960 
 0.033162  0.046412  0.052799  0.125204 
 0.036930  0.044045  0.060666  0.075711 
 0.039659  0.056985  0.072299  0.083809 
 0.039829  0.051057  0.065405  0.076582 
 0.042814  0.057242  0.061911  0.085049 
 0.037171  0.041474  0.066129  0.072676 
 0.027597  0.053490  0.057010  0.078981 
 0.028649  0.037669  0.054378  0.067961 
 0.033685  0.050604  0.065003  0.084162 
 0.028222  0.038365  0.055014  0.064212 
 0.028512  0.054422  0.050430  0.067980 
 0.037298  0.041669  0.065929  0.064145 
 0.033956  0.054677  0.051214  0.077283 
 0.031997  0.038537  0.052325  0.061385 
 0.031302  0.048279  0.066586  0.069660 
 0.025808  0.035822  0.048656  0.057634 
 0.028481  0.047131  0.053686  0.076479 
 0.028242  0.037581  0.066152  0.068780 
 0.016518  0.043972  0.050252  0.062933 
 0.023344  0.042041  0.051176  0.060105 
 0.037469  0.044407  0.061537  0.076291 
 0.028194  0.041247  0.054325  0.059365 
 0.020014  0.044577  0.050739  0.059944 
 0.026471  0.038842  0.063769  0.065402 
 0.025534  0.041666  0.047769  0.074347 
 0.023365  0.035723  0.045599  0.058599 
 0.022966  0.045016  0.058076  0.064630 
 0.023324  0.032358  0.048017  0.066543 
 0.022899  0.035140  0.054488  0.078691 
 0.016960  0.029551  0.059511  0.066320 
 0.017378  0.039234  0.050797  0.065217 
 0.032216  0.042231  0.055132  0.065625 
 0.031604  0.041919  0.051460  0.070773 
 0.016958  0.032189  0.049783  0.054355 
 0.011244  0.032545  0.048730  0.063541 
 0.018137  0.026804  0.054262  0.065050 
 0.023622  0.036545  0.049217  0.070982 
 0.023833  0.029968  0.042326  0.068709 
 0.023379  0.035993  0.052857  0.066760 
 0.017427  0.033399  0.045675  0.058626 
 0.017648  0.033051  0.040986  0.067161 
 0.020795  0.029813  0.053431  0.072430 
 0.014506  0.030182  0.045905  0.063253 
 0.018029  0.034192  0.047416  0.064954 
 0.026922  0.034181  0.050527  0.064910 
 0.023821  0.030644  0.039960  0.057013 
 0.014861  0.026857  0.034978  0.055508 
 0.012033  0.023848  0.044010  0.051483 
 0.011658  0.027221  0.039192  0.059972 
 0.018071  0.027455  0.048030  0.060111 
 0.020881  0.037829  0.051552  0.059925 
 0.021559  0.030741  0.044194  0.050835 
 0.024392  0.034383  0.044158  0.051354 
 0.017973  0.024482  0.037202  0.042677 
 0.012130  0.024452  0.032683  0.042948 
 0.012314  0.021125  0.033199  0.053606 
 0.012344  0.020953  0.041306  0.052926 
 0.012245  0.028540  0.041050  0.048299 
 0.018406  0.031909  0.040372  0.047498 
 0.024790  0.035484  0.040840  0.047149 
 0.021537  0.028385  0.032333  0.037559 
 0.015486  0.025063  0.028769  0.032830 
 0.012477  0.021637  0.028698  0.033227 
 0.012474  0.021787  0.029651  0.034000 
 0.012405  0.021852  0.029333  0.044826 
 0.012412  0.021780  0.038462  0.044887 
 0.012627  0.029140  0.034234  0.039902 
 0.019288  0.025377  0.029337  0.034727 
 0.022348  0.025204  0.029082  0.034169 
 0.015817  0.017855  0.020309  0.023426 
 0.012942  0.018121  0.020443  0.023946 
 0.012740  0.018340  0.021176  0.024178 
 0.012839  0.018312  0.021084  0.024314 
 0.012762  0.018341  0.021526  0.030464 
 0.012606  0.018311  0.025853  0.030797 
 0.012484  0.022306  0.026021  0.030617 
 0.016247  0.018551  0.021879  0.025760 
 0.012620  0.014775  0.016936  0.020338 
 0.009220  0.010617  0.012263  0.014443 
 0.009504  0.010865  0.012279  0.014266 
 0.009902  0.010992  0.012524  0.014695 
 0.009523  0.011156  0.012825  0.014944 
 0.009480  0.011084  0.012851  0.015061 
 0.009425  0.011021  0.013118  0.015072 
 0.009499  0.011028  0.012859  0.015286 
 0.009384  0.011002  0.012820  0.015229 
 0.006423  0.007354  0.008786  0.010390 
 0.003060  0.003507  0.003958  0.004560 
 0.003076  0.003429  0.003962  0.004737 
 0.003003  0.003584  0.003976  0.004601 
 0.003224  0.003558  0.004148  0.004754 
 0.003034  0.003573  0.004101  0.004890 
 0.003016  0.003526  0.004273  0.004944 
 0.003064  0.003541  0.004188  0.004856 
 0.003166  0.003528  0.004180  0.004912 
 0.003099  0.003573  0.004076  0.004899